"","Colony","Distance","Mass","Headwidth","Headwidth..mm.","Size.class","newcolumn"
"1",1,1,109,45,1.895,">43",4905
"2",1,1,120,43,1.811,"40-43",5160
"3",1,1,94,42,1.768,"40-43",3948
"4",1,1,61,33,1.389,"30-34",2013
"5",1,1,72,41,1.726,"40-43",2952
"6",1,1,134,46,1.937,">43",6164
"7",1,1,94,43,1.811,"40-43",4042
"8",1,1,113,42,1.768,"40-43",4746
"9",1,1,111,42,1.768,"40-43",4662
"10",1,1,106,43,1.811,"40-43",4558
"11",1,1,107,46,1.937,">43",4922
"12",1,1,96,42,1.768,"40-43",4032
"13",1,1,53,33,1.389,"30-34",1749
"14",1,1,121,44,1.853,">43",5324
"15",1,1,85,44,1.853,">43",3740
"16",1,1,115,45,1.895,">43",5175
"17",1,1,109,46,1.937,">43",5014
"18",1,1,105,39,1.642,"35-39",4095
"19",1,1,93,39,1.642,"35-39",3627
"20",1,1,103,42,1.768,"40-43",4326
"21",1,1,110,44,1.853,">43",4840
"22",1,1,94,40,1.684,"40-43",3760
"23",1,4,91,42,1.768,"40-43",3822
"24",1,4,161,46,1.937,">43",7406
"25",1,4,44,28,1.179,"<30",1232
"26",1,4,87,40,1.684,"40-43",3480
"27",1,4,107,46,1.937,">43",4922
"28",1,4,107,41,1.726,"40-43",4387
"29",1,4,86,40,1.684,"40-43",3440
"30",1,4,91,38,1.6,"35-39",3458
"31",1,4,156,43,1.811,"40-43",6708
"32",1,4,95,43,1.811,"40-43",4085
"33",1,4,95,42,1.768,"40-43",3990
"34",1,4,98,42,1.768,"40-43",4116
"35",1,4,72,37,1.558,"35-39",2664
"36",1,4,76,39,1.642,"35-39",2964
"37",1,4,154,43,1.811,"40-43",6622
"38",1,4,34,28,1.179,"<30",952
"39",1,4,125,47,1.979,">43",5875
"40",1,4,51,32,1.347,"30-34",1632
"41",1,4,83,39,1.642,"35-39",3237
"42",1,4,36,29,1.221,"<30",1044
"43",1,4,105,42,1.768,"40-43",4410
"44",1,4,63,36,1.516,"35-39",2268
"45",1,4,49,33,1.389,"30-34",1617
"46",1,4,91,42,1.768,"40-43",3822
"47",1,4,104,43,1.811,"40-43",4472
"48",1,4,93,45,1.895,">43",4185
"49",1,4,84,43,1.811,"40-43",3612
"50",1,4,95,43,1.811,"40-43",4085
"51",1,4,80,38,1.6,"35-39",3040
"52",1,4,74,39,1.642,"35-39",2886
"53",1,4,96,43,1.811,"40-43",4128
"54",1,4,149,44,1.853,">43",6556
"55",1,4,107,44,1.853,">43",4708
"56",1,4,98,42,1.768,"40-43",4116
"57",1,4,110,46,1.937,">43",5060
"58",1,7,115,45,1.895,">43",5175
"59",1,7,107,41,1.726,"40-43",4387
"60",1,7,105,42,1.768,"40-43",4410
"61",1,7,96,43,1.811,"40-43",4128
"62",1,7,70,37,1.558,"35-39",2590
"63",1,7,96,42,1.768,"40-43",4032
"64",1,7,127,43,1.811,"40-43",5461
"65",1,7,131,45,1.895,">43",5895
"66",1,7,104,40,1.684,"40-43",4160
"67",1,7,126,46,1.937,">43",5796
"68",1,7,83,42,1.768,"40-43",3486
"69",1,7,108,43,1.811,"40-43",4644
"70",1,7,99,42,1.768,"40-43",4158
"71",1,7,92,42,1.768,"40-43",3864
"72",1,7,103,47,1.979,">43",4841
"73",1,7,104,42,1.768,"40-43",4368
"74",1,7,107,42,1.768,"40-43",4494
"75",1,7,120,45,1.895,">43",5400
"76",1,7,112,43,1.811,"40-43",4816
"77",1,7,97,41,1.726,"40-43",3977
"78",1,7,94,42,1.768,"40-43",3948
"79",1,7,92,40,1.684,"40-43",3680
"80",1,10,123,44,1.853,">43",5412
"81",1,10,72,33,1.389,"30-34",2376
"82",1,10,92,40,1.684,"40-43",3680
"83",1,10,75,38,1.6,"35-39",2850
"84",1,10,110,46,1.937,">43",5060
"85",1,10,97,43,1.811,"40-43",4171
"86",1,10,93,41,1.726,"40-43",3813
"87",1,10,88,43,1.811,"40-43",3784
"88",1,10,82,42,1.768,"40-43",3444
"89",1,10,101,43,1.811,"40-43",4343
"90",1,10,110,41,1.726,"40-43",4510
"91",1,10,75,37,1.558,"35-39",2775
"92",1,10,81,40,1.684,"40-43",3240
"93",1,10,99,43,1.811,"40-43",4257
"94",1,10,103,43,1.811,"40-43",4429
"95",1,10,114,46,1.937,">43",5244
"96",1,10,101,46,1.937,">43",4646
"97",1,10,77,42,1.768,"40-43",3234
"98",1,10,125,47,1.979,">43",5875
"99",1,10,90,39,1.642,"35-39",3510
"988",1,0,163,46,1.937,">43",7498
"989",1,0,102,39,1.642,"35-39",3978
"990",1,0,144,48,2.021,">43",6912
"991",1,0,115,43,1.811,"40-43",4945
"992",1,0,108,43,1.811,"40-43",4644
"993",1,0,68,34,1.432,"30-34",2312
"994",1,0,107,42,1.768,"40-43",4494
"995",1,0,141,42,1.768,"40-43",5922
"996",1,0,111,42,1.768,"40-43",4662
"997",1,0,55,32,1.347,"30-34",1760
"998",1,0,112,42,1.768,"40-43",4704
"999",1,0,100,39,1.642,"35-39",3900
"100",2,1,148,45,1.895,">43",6660
"101",2,1,110,45,1.895,">43",4950
"102",2,1,110,41,1.726,"40-43",4510
"103",2,1,97,41,1.726,"40-43",3977
"104",2,1,136,45,1.895,">43",6120
"105",2,1,115,43,1.811,"40-43",4945
"106",2,1,101,42,1.768,"40-43",4242
"107",2,1,158,47,1.979,">43",7426
"108",2,1,67,36,1.516,"35-39",2412
"109",2,1,114,42,1.768,"40-43",4788
"110",2,1,62,35,1.474,"35-39",2170
"111",2,1,67,36,1.516,"35-39",2412
"112",2,1,121,45,1.895,">43",5445
"113",2,1,47,33,1.389,"30-34",1551
"114",2,1,82,37,1.558,"35-39",3034
"115",2,1,79,38,1.6,"35-39",3002
"116",2,1,119,46,1.937,">43",5474
"117",2,1,111,41,1.726,"40-43",4551
"118",2,1,47,32,1.347,"30-34",1504
"119",2,1,75,39,1.642,"35-39",2925
"120",2,1,60,35,1.474,"35-39",2100
"121",2,1,104,45,1.895,">43",4680
"122",2,4,133,46,1.937,">43",6118
"123",2,4,134,47,1.979,">43",6298
"124",2,4,73,44,1.853,">43",3212
"125",2,4,121,44,1.853,">43",5324
"126",2,4,73,39,1.642,"35-39",2847
"127",2,4,86,42,1.768,"40-43",3612
"128",2,4,63,40,1.684,"40-43",2520
"129",2,4,84,41,1.726,"40-43",3444
"130",2,4,129,46,1.937,">43",5934
"131",2,4,106,45,1.895,">43",4770
"132",2,4,90,40,1.684,"40-43",3600
"133",2,4,62,38,1.6,"35-39",2356
"134",2,4,70,39,1.642,"35-39",2730
"135",2,4,86,44,1.853,">43",3784
"136",2,4,99,42,1.768,"40-43",4158
"137",2,4,50,36,1.516,"35-39",1800
"138",2,4,133,47,1.979,">43",6251
"139",2,4,74,43,1.811,"40-43",3182
"140",2,4,140,47,1.979,">43",6580
"141",2,4,77,37,1.558,"35-39",2849
"142",2,4,137,46,1.937,">43",6302
"143",2,4,94,39,1.642,"35-39",3666
"144",2,7,79,39,1.642,"35-39",3081
"145",2,7,105,42,1.768,"40-43",4410
"146",2,7,104,42,1.768,"40-43",4368
"147",2,7,99,43,1.811,"40-43",4257
"148",2,7,67,35,1.474,"35-39",2345
"149",2,7,129,46,1.937,">43",5934
"150",2,7,97,37,1.558,"35-39",3589
"151",2,7,126,45,1.895,">43",5670
"152",2,7,152,46,1.937,">43",6992
"153",2,7,67,34,1.432,"30-34",2278
"154",2,7,60,34,1.432,"30-34",2040
"155",2,7,94,40,1.684,"40-43",3760
"156",2,7,128,46,1.937,">43",5888
"157",2,7,101,43,1.811,"40-43",4343
"158",2,7,44,31,1.305,"30-34",1364
"159",2,7,119,45,1.895,">43",5355
"160",2,7,117,45,1.895,">43",5265
"161",2,7,80,40,1.684,"40-43",3200
"162",2,7,78,39,1.642,"35-39",3042
"163",2,7,54,31,1.305,"30-34",1674
"164",2,7,99,45,1.895,">43",4455
"165",2,10,137,44,1.853,">43",6028
"166",2,10,120,42,1.768,"40-43",5040
"167",2,10,107,42,1.768,"40-43",4494
"168",2,10,98,43,1.811,"40-43",4214
"169",2,10,97,45,1.895,">43",4365
"170",2,10,55,43,1.811,"40-43",2365
"171",2,10,96,40,1.684,"40-43",3840
"172",2,10,118,43,1.811,"40-43",5074
"173",2,10,73,39,1.642,"35-39",2847
"174",2,10,102,43,1.811,"40-43",4386
"175",2,10,103,44,1.853,">43",4532
"176",2,10,97,45,1.895,">43",4365
"177",2,10,96,43,1.811,"40-43",4128
"178",2,10,81,42,1.768,"40-43",3402
"179",2,10,114,42,1.768,"40-43",4788
"180",2,10,143,47,1.979,">43",6721
"181",2,10,52,30,1.263,"30-34",1560
"182",2,10,83,43,1.811,"40-43",3569
"183",2,10,76,37,1.558,"35-39",2812
"184",2,10,141,45,1.895,">43",6345
"185",2,10,99,40,1.684,"40-43",3960
"186",2,10,154,48,2.021,">43",7392
"187",2,10,109,42,1.768,"40-43",4578
"1000",2,0,116,43,1.811,"40-43",4988
"1001",2,0,71,35,1.474,"35-39",2485
"1002",2,0,146,46,1.937,">43",6716
"1003",2,0,119,45,1.895,">43",5355
"1004",2,0,97,42,1.768,"40-43",4074
"1005",2,0,43,30,1.263,"30-34",1290
"1006",2,0,127,45,1.895,">43",5715
"1007",2,0,106,43,1.811,"40-43",4558
"1008",2,0,79,35,1.474,"35-39",2765
"1009",2,0,127,45,1.895,">43",5715
"1010",2,0,114,44,1.853,">43",5016
"1011",2,0,85,40,1.684,"40-43",3400
